(0.8332851,-0.6720048), (0.9676861,-0.8064041), (0.8601653,-0.6451235), (1.048327,-0.7526445), (0.8870447,-0.5644836), (-1.935371,2.876177), (-1.048327,-0.7526445), (-0.8064049,-0.6451234), (-0.5913634,-0.8064052)
(0.4012996,-1.011274), (0.4012986,-1.236001), (0.4494556,-1.300209), (0.3852467,-0.9631178), (-0.06420746,4.012991), (-0.4334036,-1.027326), (-0.4173501,-1.171793), (-0.497611,-0.9631176), (-0.3210392,-0.9470659)
(1.341935,-0.3690318), (1.509676,-0.2348387), (1.660645,-0.2012901), (1.308387,-0.1677421), (-0.3522579,1.291613), (-1.090322,-0.2851614), (-1.258064,-0.2683867), (-1.207741,-0.352258), (-0.9225796,-0.3858066)
(-0.8823535,-0.4117652), (-0.4411754,-0.9411767), (0.1470582,-1.058824), (0.7647071,-0.6764706), (1.117645,0), (0.8529426,0.6764706), (0.2352945,1.029412), (-0.6764708,0.7647061), (-0.8823527,0.4705888)
(-0.810996,-0.41981), (-0.3911863,-0.963654), (0.6774203,-0.8300784), (1.068607,-0.4770566), (1.144936,-0.03816457), (0.5533851,0.7728317), (-0.1717406,1.01136), (-0.5533848,0.6774203), (-0.9636546,0.2671517)
(-0.8814216,-0.5559736), (-0.1627244,-1.261111), (0.6644567,-0.9221031), (1.20687,-0.4000298), (1.071267,0.4542713), (0.4068102,1.057706), (-0.3118877,1.091607), (-0.8339608,0.6373359), (-0.9966846,0.08136192)
(-0.3647259,-0.6534681), (-0.5850822,0.2811432), (0.4939,0.486302), (0.8130362,-0.4483095), (0.7446495,-0.471105), (0.9346111,-0.03039385), (-0.083583,0.8434299), (-0.7522478,0.3495294), (-0.9574071,-0.2887419)
(-0.6027079,-0.3228796), (-0.688809,0.118389), (0.3874549,0.3013541), (0.9686383,-0.2260156), (0.947113,-0.2367779), (0.8717744,0.01076266), (-0.02152597,0.4950816), (-0.8287231,0.1291517), (-0.9901636,-0.1399143)
(-0.551664,-0.7001889), (-0.6577531,-0.2864409), (-0.03182648,1.060892), (0.9866297,0.7426245), (0.6895795,-1.601947), (0.9123678,-0.1909606), (0.3182677,1.941433), (-0.9335853,-0.08487149), (-0.7532338,-0.6577529)
(0.6054071,-1.143544), (0.73994,-0.8072079), (0.9417424,-0.9417446), (1.076281,-0.6726735), (-0.6726746,3.027031), (-0.6054071,-0.9417434), (-0.739942,-0.7399405), (-0.6726725,-0.7399402)
(0.8320529,-0.554702), (0.8320572,-0.6933754), (0.6933733,-0.6933775), (0,2.080131), (-0.6933733,-0.693378), (-0.6933817,-0.8320514), (-0.9707285,-0.9707269), (-0.5546978,-0.8320519)
(0.07353293,-0.6005152), (0.3431509,-0.9436665), (0.7966024,-0.8088573), (-0.4411954,2.353039), (0.2451082,-0.5269825), (0.1102988,-1.053965), (-0.4902163,-1.152009), (-0.8823897,-0.7966018), (-0.9436672,-0.3308962)